0.0 13172250.0
5.05050505050505 13281042.102521006
10.1010101010101 13109855.531755289
15.15151515151515 12905530.83053401
20.2020202020202 12698333.813066544
25.252525252525253 12492391.216916924
30.3030303030303 12288532.795811947
35.35353535353535 12087268.655107424
40.4040404040404 11889068.470303485
45.45454545454545 11694378.000838106
50.505050505050505 11503617.278289977
55.55555555555555 11317178.034845276
60.6060606060606 11135421.388977697
65.65656565656565 10958675.873501366
70.7070707070707 10787235.834288852
75.75757575757575 10621360.214785568
80.8080808080808 10461271.73259325
85.85858585858585 10307156.447066087
90.9090909090909 10159163.71040056
95.95959595959596 10017406.488874674
101.01010101010101 9881962.035651267
106.06060606060605 9752872.891920034
111.1111111111111 9630148.189150222
116.16161616161615 9513765.221905341
121.2121212121212 9403671.258056283
126.26262626262626 9299785.551340986
131.3131313131313 9202001.520052677
136.36363636363635 9110189.05518096
141.4141414141414 9024196.921546089
146.46464646464645 8943855.216315135
151.5151515151515 8868977.850709029
156.56565656565655 8799365.022637531
161.6161616161616 8734805.65036101
166.66666666666666 8675079.739995154
171.7171717171717 8619960.662666881
176.76767676767676 8569217.320316613
181.8181818181818 8522616.182442646
186.86868686868686 8479923.179426415
191.91919191919192 8440905.441388192
196.96969696969697 8405332.87474241
202.02020202020202 8372979.57169178
207.07070707070704 8343625.050773987
212.1212121212121 8317055.329215102
217.17171717171715 8293063.830219844
222.2222222222222 8271452.130420614
227.27272727272725 8252030.554501217
232.3232323232323 8234618.625503446
237.37373737373736 8219045.380517584
242.4242424242424 8205149.562359591
247.47474747474746 8192779.698463661
252.5252525252525 8181794.078586064
257.57575757575756 8172060.643048227
262.6262626262626 8163456.793167684
267.67676767676767 8155869.135261656
272.7272727272727 8149193.169186307
277.77777777777777 8143332.93182315
282.8282828282828 8138200.605268258
287.8787878787879 8133716.0987465205
292.9292929292929 8129806.612485013
297.979797979798 8126406.190959378
303.030303030303 8123455.27209403
308.0808080808081 8120900.238168751
313.1313131313131 8118692.973375305
318.1818181818182 8116790.432190846
323.2323232323232 8115154.221999579
328.28282828282823 8113750.20270861
333.3333333333333 8112548.105473066
338.38383838383834 8111521.172073494
343.4343434343434 8110645.815976605
348.48484848484844 8109901.305659377
353.5353535353535 8109269.470384771
358.58585858585855 8108734.428283317
363.6363636363636 8108282.3363154465
368.68686868686865 8107901.161460708
373.73737373737373 8107580.472298719
378.78787878787875 8107311.250007495
383.83838383838383 8107085.717703973
388.88888888888886 8106897.186984111
393.93939393939394 8106739.920481619
398.98989898989896 8106609.009250813
404.04040404040404 8106500.263786386
409.09090909090907 8106410.117516928
414.1414141414141 8106335.541646983
419.19191919191917 8106273.97027025
424.2424242424242 8106223.23473267
429.2929292929293 8106181.506284781
434.3434343434343 8106147.246127026
439.3939393939394 8106119.162017018
444.4444444444444 8106096.17067287
449.4949494949495 8106077.3652705895
454.5454545454545 8106061.98739475
459.5959595959596 8106049.402859823
464.6464646464646 8106039.080873655
469.6969696969697 8106030.576064803
474.7474747474747 8106023.512940432
479.7979797979798 8106017.572382318
484.8484848484848 8106012.47982385
489.89898989898984 8106007.994781098
494.9494949494949 8106003.901437772
500.0 8106000.0
