0.0 13172250.0
5.05050505050505 13051383.160825737
10.1010101010101 12930624.635826541
15.15151515151515 12810082.444824407
20.2020202020202 12689864.02262729
25.252525252525253 12570075.931015713
30.3030303030303 12450823.574666815
35.35353535353535 12332210.922280816
40.4040404040404 12214340.234141922
45.45454545454545 12097311.797305191
50.505050505050505 11981223.669553066
55.55555555555555 11866171.433210462
60.6060606060606 11752247.959846133
65.65656565656565 11639543.186820734
70.7070707070707 11528143.906569365
75.75757575757575 11418133.569428759
80.8080808080808 11309592.100737464
85.85858585858585 11202595.732851839
90.9090909090909 11097216.852632247
95.95959595959596 10993523.864863005
101.01010101010101 10891581.071977258
106.06060606060605 10791448.570364617
111.1111111111111 10693182.163445693
116.16161616161615 10596833.291604618
121.2121212121212 10502448.978978382
126.26262626262626 10410071.797011444
131.3131313131313 10319739.844596092
136.36363636363635 10231486.744533684
141.4141414141414 10145341.65597032
146.46464646464645 10061329.302382652
151.5151515151515 9979470.014616216
156.56565656565655 9899779.788410196
161.6161616161616 9822270.35577915
166.66666666666666 9746949.269564502
171.7171717171717 9673820.000416588
176.76767676767676 9602882.045422034
181.8181818181818 9534131.047551379
186.86868686868686 9467558.92506818
191.91919191919192 9403154.010013666
196.96969696969697 9340901.194859805
202.02020202020202 9280782.086408975
207.07070707070704 9222775.166009732
212.1212121212121 9166855.955155496
217.17171717171715 9112997.185536157
222.2222222222222 9061168.972621175
227.27272727272725 9011338.991866885
232.3232323232323 8963472.656659575
237.37373737373736 8917533.297129616
242.4242424242424 8873482.338999873
247.47474747474746 8831279.481663505
252.5252525252525 8790882.874721706
257.57575757575756 8752249.292250581
262.6262626262626 8715334.304107558
267.67676767676767 8680092.443631483
272.7272727272727 8646477.371136034
277.77777777777777 8614442.032643085
282.8282828282828 8583938.813350823
287.8787878787879 8554919.685380153
292.9292929292929 8527336.349392073
297.979797979798 8501140.369717719
303.030303030303 8476283.302691441
308.0808080808081 8452716.81792517
313.1313131313131 8430392.812309224
318.1818181818182 8409263.516570257
323.2323232323232 8389281.594261108
328.28282828282823 8370400.233099507
333.3333333333333 8352573.228612846
338.38383838383834 8335755.060084328
343.4343434343434 8319900.9588316595
348.48484848484844 8304966.968882772
353.5353535353535 8290910.000144093
358.58585858585855 8277687.874185172
363.6363636363636 8265259.362789347
368.68686868686865 8253584.219443302
373.73737373737373 8242623.203959064
378.78787878787875 8232338.100440101
383.83838383838383 8222691.72881886
388.88888888888886 8213647.950206348
393.93939393939394 8205171.666305387
398.98989898989896 8197228.81314796
404.04040404040404 8189786.34942384
409.09090909090907 8182812.23967258
414.1414141414141 8176275.432614005
419.19191919191917 8170145.834893856
424.2424242424242 8164394.280521285
429.2929292929293 8158992.496273665
434.3434343434343 8153913.063341852
439.3939393939394 8149129.375485774
444.4444444444444 8144615.593966153
449.4949494949495 8140346.599513572
454.5454545454545 8136297.941590997
459.5959595959596 8132445.785200522
464.6464646464646 8128766.855479613
469.6969696969697 8125238.380326654
474.7474747474747 8121838.031290302
479.7979797979798 8118543.86295205
484.8484848484848 8115334.251026761
489.89898989898984 8112187.829401724
494.9494949494949 8109083.426331147
500.0 8106000.0
