0.0 13173250.0
5.05050505050505 10415790.19546334
10.1010101010101 9158856.163542945
15.15151515151515 8585886.355241394
20.2020202020202 8324699.69579003
25.252525252525253 8205638.498834098
30.3030303030303 8151364.790410264
35.35353535353535 8126624.274569926
40.4040404040404 8115346.380694056
45.45454545454545 8110205.384806138
50.505050505050505 8107861.876431736
55.55555555555555 8106793.594796516
60.6060606060606 8106306.62164715
65.65656565656565 8106084.636320294
70.7070707070707 8105983.444939669
75.75757575757575 8105937.3171362365
80.8080808080808 8105916.2899080375
85.85858585858585 8105906.704705799
90.9090909090909 8105902.33531858
95.95959595959596 8105900.343545827
101.01010101010101 8105899.435601876
106.06060606060605 8105899.021718204
111.1111111111111 8105898.833050509
116.16161616161615 8105898.747046875
121.2121212121212 8105898.707842363
126.26262626262626 8105898.689971098
131.3131313131313 8105898.681824532
136.36363636363635 8105898.678110943
141.4141414141414 8105898.676418114
146.46464646464645 8105898.675646443
151.5151515151515 8105898.67529468
156.56565656565655 8105898.675134328
161.6161616161616 8105898.675061233
166.66666666666666 8105898.6750279125
171.7171717171717 8105898.675012724
176.76767676767676 8105898.6750058
181.8181818181818 8105898.675002644
186.86868686868686 8105898.675001206
191.91919191919192 8105898.675000548
196.96969696969697 8105898.67500025
202.02020202020202 8105898.675000114
207.07070707070704 8105898.675000052
212.1212121212121 8105898.675000023
217.17171717171715 8105898.67500001
222.2222222222222 8105898.6750000045
227.27272727272725 8105898.675000002
232.3232323232323 8105898.675000001
237.37373737373736 8105898.675
242.4242424242424 8105898.675
247.47474747474746 8105898.675
252.5252525252525 8105898.675
257.57575757575756 8105898.675
262.6262626262626 8105898.675
267.67676767676767 8105898.675
272.7272727272727 8105898.675
277.77777777777777 8105898.675
282.8282828282828 8105898.675
287.8787878787879 8105898.675
292.9292929292929 8105898.675
297.979797979798 8105898.675
303.030303030303 8105898.675
308.0808080808081 8105898.675
313.1313131313131 8105898.675
318.1818181818182 8105898.675
323.2323232323232 8105898.675000001
328.28282828282823 8105898.675000003
333.3333333333333 8105898.675000005
338.38383838383834 8105898.675000012
343.4343434343434 8105898.675000026
348.48484848484844 8105898.6750000585
353.5353535353535 8105898.675000127
358.58585858585855 8105898.67500028
363.6363636363636 8105898.675000614
368.68686868686865 8105898.6750013465
373.73737373737373 8105898.675002954
378.78787878787875 8105898.675006481
383.83838383838383 8105898.675014217
388.88888888888886 8105898.67503119
393.93939393939394 8105898.675068423
398.98989898989896 8105898.675150101
404.04040404040404 8105898.67532928
409.09090909090907 8105898.675722348
414.1414141414141 8105898.6765846275
419.19191919191917 8105898.678476226
424.2424242424242 8105898.682625859
429.2929292929293 8105898.691728983
434.3434343434343 8105898.711698666
439.3939393939394 8105898.755506516
444.4444444444444 8105898.851608573
449.4949494949495 8105899.06242936
454.5454545454545 8105899.5249106595
459.5959595959596 8105900.539464092
464.6464646464646 8105902.76510795
469.6969696969697 8105907.647542364
474.7474747474747 8105918.3582253335
479.7979797979798 8105941.854440554
484.8484848484848 8105993.398504749
489.89898989898984 8106106.471632727
494.9494949494949 8106354.522159488
500.0 8106898.675
