0.0 13172250.0
5.05050505050505 13237716.892645996
10.1010101010101 13246694.939162156
15.15151515151515 13241007.154790897
20.2020202020202 13228594.89211708
25.252525252525253 13211752.904799959
30.3030303030303 13191278.256532466
35.35353535353535 13167602.580932189
40.4040404040404 13140975.56934618
45.45454545454545 13111584.220787412
50.505050505050505 13079579.642047288
55.55555555555555 13045080.980455276
60.6060606060606 13008184.3199344
65.65656565656565 12968980.895883795
70.7070707070707 12927554.57543936
75.75757575757575 12883997.570476457
80.8080808080808 12838422.571185376
85.85858585858585 12790976.251269491
90.9090909090909 12741795.1661603
95.95959595959596 12691047.29118299
101.01010101010101 12638928.820652049
106.06060606060605 12585640.016363261
111.1111111111111 12531375.463444563
116.16161616161615 12476336.848618934
121.2121212121212 12420720.716437679
126.26262626262626 12364680.742114216
131.3131313131313 12308346.310928823
136.36363636363635 12251816.755576571
141.4141414141414 12195163.542375153
146.46464646464645 12138435.200544517
151.5151515151515 12081662.945205497
156.56565656565655 12024865.839895591
161.6161616161616 11968054.959326925
166.66666666666666 11911236.431623926
171.7171717171717 11854413.487720558
176.76767676767676 11797587.74775696
181.8181818181818 11740759.97918245
186.86868686868686 11683930.518577352
191.91919191919192 11627099.494227853
196.96969696969697 11570266.937889574
202.02020202020202 11513432.838351669
207.07070707070704 11456597.165999543
212.1212121212121 11399759.883615252
217.17171717171715 11342920.95093954
222.2222222222222 11286080.326525792
227.27272727272725 11229237.968465585
232.3232323232323 11172393.834662149
237.37373737373736 11115547.88292934
242.4242424242424 11058700.07102571
247.47474747474746 11001850.356665302
252.5252525252525 10944998.697520396
257.57575757575756 10888145.051221637
262.6262626262626 10831289.375357399
267.67676767676767 10774431.627472945
272.7272727272727 10717571.765069613
277.77777777777777 10660709.745604089
282.8282828282828 10603845.526487727
287.8787878787879 10546979.065085988
292.9292929292929 10490110.318717927
297.979797979798 10433239.244655753
303.030303030303 10376365.800124468
308.0808080808081 10319489.942301566
313.1313131313131 10262611.62831676
318.1818181818182 10205730.815251794
323.2323232323232 10148847.460140275
328.28282828282823 10091961.51996757
333.3333333333333 10035072.951670727
338.38383838383834 9978181.71213843
343.4343434343434 9921287.758210992
348.48484848484844 9864391.046680383
353.5353535353535 9807491.534290273
358.58585858585855 9750589.177736104
363.6363636363636 9693683.933665192
368.68686868686865 9636775.75867683
373.73737373737373 9579864.609322423
378.78787878787875 9522950.442105634
383.83838383838383 9466033.213482544
388.88888888888886 9409112.879861815
393.93939393939394 9352189.39760489
398.98989898989896 9295262.723026158
404.04040404040404 9238332.81239317
409.09090909090907 9181399.621926833
414.1414141414141 9124463.10780163
419.19191919191917 9067523.22614581
424.2424242424242 9010579.933041623
429.2929292929293 8953633.184525533
434.3434343434343 8896682.936588455
439.3939393939394 8839729.14517606
444.4444444444444 8782771.766189355
449.4949494949495 8725810.755486423
454.5454545454545 8668846.068889055
459.5959595959596 8611877.662209649
464.6464646464646 8554905.491361981
469.6969696969697 8497929.51281805
474.7474747474747 8440949.685488848
479.7979797979798 8383965.978454046
484.8484848484848 8326978.402685024
489.89898989898984 8269987.1411109585
494.9494949494949 8212993.081574746
500.0 8156000.0
