0.0 1.0
5.05050505050505 0.7389230423986076
10.1010101010101 0.4847655674095408
15.15151515151515 0.365754501775162
20.2020202020202 0.28516746304067203
25.252525252525253 0.21413994935806163
30.3030303030303 0.14229947060545606
35.35353535353535 0.06954948287133204
40.4040404040404 0.015114867207143943
45.45454545454545 0.00029911718716005807
50.505050505050505 9.948829751985251e-05
55.55555555555555 9.947265137797735e-05
60.6060606060606 9.947918405391575e-05
65.65656565656565 9.948570619310558e-05
70.7070707070707 9.94922039516434e-05
75.75757575757575 9.949867084623268e-05
80.8080808080808 9.9505103873649e-05
85.85858585858585 9.951150209133904e-05
90.9090909090909 9.95178657549646e-05
95.95959595959596 9.952419583306865e-05
101.01010101010101 9.953049374717207e-05
106.06060606060605 9.953676110868205e-05
111.1111111111111 9.954299968760287e-05
116.16161616161615 9.95492112544679e-05
121.2121212121212 9.955539758405886e-05
126.26262626262626 9.956156035090084e-05
131.3131313131313 9.956770123535803e-05
136.36363636363635 9.957382177139956e-05
141.4141414141414 9.957992345586454e-05
146.46464646464645 9.958600767261128e-05
151.5151515151515 9.95920757270001e-05
156.56565656565655 9.959812882625804e-05
161.6161616161616 9.960416810495323e-05
166.66666666666666 9.96101946249793e-05
171.7171717171717 9.961620935275764e-05
176.76767676767676 9.962221321864126e-05
181.8181818181818 9.962820703257776e-05
186.86868686868686 9.963419161194108e-05
191.91919191919192 9.96401676483967e-05
196.96969696969697 9.9646135816105e-05
202.02020202020202 9.965209673671455e-05
207.07070707070704 9.965805098785356e-05
212.1212121212121 9.966399908932673e-05
217.17171717171715 9.966994153442696e-05
222.2222222222222 9.96758787639284e-05
227.27272727272725 9.96818112069392e-05
232.3232323232323 9.968773923581427e-05
237.37373737373736 9.969366321229897e-05
242.4242424242424 9.969958345994526e-05
247.47474747474746 9.970550028427609e-05
252.5252525252525 9.971141398073397e-05
257.57575757575756 9.971732478376155e-05
262.6262626262626 9.972323293417143e-05
267.67676767676767 9.97291386733018e-05
272.7272727272727 9.973504217937294e-05
277.77777777777777 9.974094366508278e-05
282.8282828282828 9.974684328902667e-05
287.8787878787879 9.975274122093862e-05
292.9292929292929 9.975863760509039e-05
297.979797979798 9.976453258151406e-05
303.030303030303 9.977042626690101e-05
308.0808080808081 9.977631880181068e-05
313.1313131313131 9.97822102716435e-05
318.1818181818182 9.978810079043672e-05
323.2323232323232 9.979399045101367e-05
328.28282828282823 9.979987933505727e-05
333.3333333333333 9.980576752319573e-05
338.38383838383834 9.981165509445611e-05
343.4343434343434 9.981754211143071e-05
348.48484848484844 9.982342863723917e-05
353.5353535353535 9.982931474507815e-05
358.58585858585855 9.983520046730372e-05
363.6363636363636 9.98410858919635e-05
368.68686868686865 9.984697102012087e-05
373.73737373737373 9.985285591966771e-05
378.78787878787875 9.985874064099426e-05
383.83838383838383 9.986462520637958e-05
388.88888888888886 9.987050966567962e-05
393.93939393939394 9.987639403268717e-05
398.98989898989896 9.988227835832156e-05
404.04040404040404 9.988816266114954e-05
409.09090909090907 9.98940469735237e-05
414.1414141414141 9.989993131613237e-05
419.19191919191917 9.99058157223915e-05
424.2424242424242 9.991170020662125e-05
429.2929292929293 9.991758479322224e-05
434.3434343434343 9.992346949863617e-05
439.3939393939394 9.992935435044516e-05
444.4444444444444 9.993523936323648e-05
449.4949494949495 9.994112455663506e-05
454.5454545454545 9.994700994761518e-05
459.5959595959596 9.995289554810827e-05
464.6464646464646 9.995878138649612e-05
469.6969696969697 9.996466745932665e-05
474.7474747474747 9.997055379657067e-05
479.7979797979798 9.997644040963226e-05
484.8484848484848 9.998232730620317e-05
489.89898989898984 9.99882145088244e-05
494.9494949494949 9.999410202518773e-05
500.0 9.999410202518773e-05
