0.0 1.0
5.05050505050505 0.11415461705272337
10.1010101010101 0.005720408962405526
15.15151515151515 0.00010345113457464923
20.2020202020202 9.950539833930572e-05
25.252525252525253 9.952800071372746e-05
30.3030303030303 9.95504199492233e-05
35.35353535353535 9.957253414412046e-05
40.4040404040404 9.959429501502429e-05
45.45454545454545 9.96156543156667e-05
50.505050505050505 9.963656567639652e-05
55.55555555555555 9.965698552021236e-05
60.6060606060606 9.967687356560173e-05
65.65656565656565 9.969619323177241e-05
70.7070707070707 9.971491186567573e-05
75.75757575757575 9.973300086878016e-05
80.8080808080808 9.975043586149361e-05
85.85858585858585 9.976719671499386e-05
90.9090909090909 9.97832675247029e-05
95.95959595959596 9.979863660074598e-05
101.01010101010101 9.98132963756504e-05
106.06060606060605 9.982724326379477e-05
111.1111111111111 9.984047749484783e-05
116.16161616161615 9.985300294722624e-05
121.2121212121212 9.986482689507657e-05
126.26262626262626 9.987595977543201e-05
131.3131313131313 9.988641493413088e-05
136.36363636363635 9.989620832295647e-05
141.4141414141414 9.990535823336914e-05
146.46464646464645 9.991388498354487e-05
151.5151515151515 9.99218106584928e-05
156.56565656565655 9.992915877109904e-05
161.6161616161616 9.993595402583641e-05
166.66666666666666 9.994222200422273e-05
171.7171717171717 9.994798891658357e-05
176.76767676767676 9.995328135806864e-05
181.8181818181818 9.995812607207187e-05
186.86868686868686 9.996254974179233e-05
191.91919191919192 9.996657877990936e-05
196.96969696969697 9.997023916496171e-05
202.02020202020202 9.997355630024171e-05
207.07070707070704 9.997655485893125e-05
212.1212121212121 9.997925867110714e-05
217.17171717171715 9.99816906547945e-05
222.2222222222222 9.99838727093489e-05
227.27272727272725 9.998582567806967e-05
232.3232323232323 9.998756930363305e-05
237.37373737373736 9.998912220343832e-05
242.4242424242424 9.999050183830821e-05
247.47474747474746 9.999172455969242e-05
252.5252525252525 9.999280556247277e-05
257.57575757575756 9.999375895628979e-05
262.6262626262626 9.99945977716507e-05
267.67676767676767 9.999533399785397e-05
272.7272727272727 9.999597862409351e-05
277.77777777777777 9.999654169595348e-05
282.8282828282828 9.999703235756725e-05
287.8787878787879 9.999745890254888e-05
292.9292929292929 9.999782882490552e-05
297.979797979798 9.999814889064505e-05
303.030303030303 9.999842516403463e-05
308.0808080808081 9.999866307655245e-05
313.1313131313131 9.999886747223685e-05
318.1818181818182 9.999904267187117e-05
323.2323232323232 9.999919248836545e-05
328.28282828282823 9.999932030817053e-05
333.3333333333333 9.999942910586708e-05
338.38383838383834 9.999952150861746e-05
343.4343434343434 9.999959979774785e-05
348.48484848484844 9.999966598460072e-05
353.5353535353535 9.999972180443906e-05
358.58585858585855 9.999976878778162e-05
363.6363636363636 9.999980823521479e-05
368.68686868686865 9.999984127971075e-05
373.73737373737373 9.999986890678499e-05
378.78787878787875 9.99998919454792e-05
383.83838383838383 9.999991112246732e-05
388.88888888888886 9.999992704720108e-05
393.93939393939394 9.999994023948515e-05
398.98989898989896 9.999995114673074e-05
404.04040404040404 9.999996014553245e-05
409.09090909090907 9.999996755440804e-05
414.1414141414141 9.999997363830011e-05
419.19191919191917 9.999997862634828e-05
424.2424242424242 9.999998270923856e-05
429.2929292929293 9.999998604317932e-05
434.3434343434343 9.999998875547152e-05
439.3939393939394 9.99999909665171e-05
444.4444444444444 9.999999275906411e-05
449.4949494949495 9.999999421824411e-05
454.5454545454545 9.999999539736168e-05
459.5959595959596 9.999999635794919e-05
464.6464646464646 9.999999713580614e-05
469.6969696969697 9.999999777363273e-05
474.7474747474747 9.999999829742034e-05
479.7979797979798 9.999999873342401e-05
484.8484848484848 9.999999910418646e-05
489.89898989898984 9.999999942827097e-05
494.9494949494949 9.99999997210628e-05
500.0 9.99999997210628e-05
