0.0 1.0
5.05050505050505 0.4638572353898595
10.1010101010101 0.23289000301689888
15.15151515151515 0.10981597092662314
20.2020202020202 0.027031427237338205
25.252525252525253 0.000836090646876092
30.3030303030303 0.00013494330930200957
35.35353535353535 0.00010585719030165378
40.4040404040404 8.313586664045192e-05
45.45454545454545 6.529612037545034e-05
50.505050505050505 5.1287377600121864e-05
55.55555555555555 4.028584977795041e-05
60.6060606060606 3.1645310797997e-05
65.65656565656565 2.485866298372434e-05
70.7070707070707 1.952788398709715e-05
75.75757575757575 1.5340503665705468e-05
80.8080808080808 1.2051177383360506e-05
85.85858585858585 9.467242700799544e-06
90.9090909090909 7.4373926838636195e-06
95.95959595959596 5.842790011176963e-06
101.01010101010101 4.590093694505776e-06
106.06060606060605 3.6059856359221126e-06
111.1111111111111 2.8328732415427993e-06
116.16161616161615 2.225515403979708e-06
121.2121212121212 1.7483727193061405e-06
126.26262626262626 1.3735265510864125e-06
131.3131313131313 1.0790445995213088e-06
136.36363636363635 8.47697122880256e-07
141.4141414141414 6.659485284922495e-07
146.46464646464645 5.231652521753283e-07
151.5151515151515 4.109935379126989e-07
156.56565656565655 3.22870641973963e-07
161.6161616161616 2.5364077917491845e-07
166.66666666666666 1.992535278699109e-07
171.7171717171717 1.5652680005612263e-07
176.76767676767676 1.229607591510251e-07
181.8181818181818 9.65914305293275e-08
186.86868686868686 7.587593504020107e-08
191.91919191919192 5.960212332012382e-08
196.96969696969697 4.6817770325488506e-08
202.02020202020202 3.677472022733941e-08
207.07070707070704 2.888525955230259e-08
212.1212121212121 2.2687664419027143e-08
217.17171717171715 1.7819196451718256e-08
222.2222222222222 1.3994865374206134e-08
227.27272727272725 1.099080731287172e-08
232.3232323232323 8.631142108320167e-09
237.37373737373736 6.777670476937336e-09
242.4242424242424 5.321863109919445e-09
247.47474747474746 4.178442624888645e-09
252.5252525252525 3.2804034714312147e-09
257.57575757575756 2.5751292643400037e-09
262.6262626262626 2.0212734142682764e-09
267.67676767676767 1.5863186597631085e-09
272.7272727272727 1.2448118421465315e-09
277.77777777777777 9.766745311806657e-10
282.8282828282828 7.661559685290253e-10
287.8787878787879 6.008968930076852e-10
292.9292929292929 4.711853546224276e-10
297.979797979798 3.6939129186008834e-10
303.030303030303 2.8950772681946013e-10
308.0808080808081 2.2683674730239467e-10
313.1313131313131 1.7767073576258063e-10
318.1818181818182 1.3909504277542784e-10
323.2323232323232 1.0886441401125602e-10
328.28282828282823 8.517595656565291e-11
333.3333333333333 6.659489279470243e-11
338.38383838383834 5.2032803413148976e-11
343.4343434343434 4.063359718142756e-11
348.48484848484844 3.172045612287455e-11
353.5353535353535 2.473220239718188e-11
358.58585858585855 1.9276856152994348e-11
363.6363636363636 1.50075230020974e-11
368.68686868686865 1.1671195260243294e-11
373.73737373737373 9.072149281807995e-12
378.78787878787875 7.02897982873818e-12
383.83838383838383 5.4446221836590425e-12
388.88888888888886 4.213521892504346e-12
393.93939393939394 3.2539960309607707e-12
398.98989898989896 2.5135327846870226e-12
404.04040404040404 1.936438856486866e-12
409.09090909090907 1.479748615307308e-12
414.1414141414141 1.1333867871998748e-12
419.19191919191917 8.618123575887537e-13
424.2424242424242 6.544192271418225e-13
429.2929292929293 4.899899930244089e-13
434.3434343434343 3.8443727368164815e-13
439.3939393939394 2.8206603719382883e-13
444.4444444444444 2.1284710105540228e-13
449.4949494949495 1.6484383302817207e-13
454.5454545454545 1.160443269254685e-13
459.5959595959596 8.899304904108618e-14
464.6464646464646 7.069518581648282e-14
469.6969696969697 4.6825390787041954e-14
474.7474747474747 3.2768926461201886e-14
479.7979797979798 2.7731289486965238e-14
484.8484848484848 2.216109240560371e-14
489.89898989898984 1.367482516112517e-14
494.9494949494949 1.1553258350005535e-14
500.0 0.1
