0.0 1.0
5.05050505050505 0.8805754204693239
10.1010101010101 0.5136749870711621
15.15151515151515 0.4098131932829443
20.2020202020202 0.3385320584191726
25.252525252525253 0.2739571799887927
30.3030303030303 0.19704416085041057
35.35353535353535 0.08699743806183854
40.4040404040404 0.00810227668482722
45.45454545454545 0.00012375851427880996
50.505050505050505 9.995308748185131e-05
55.55555555555555 9.995245010473203e-05
60.6060606060606 9.9953347152318e-05
65.65656565656565 9.995424420160874e-05
70.7070707070707 9.995514117103972e-05
75.75757575757575 9.995603806201645e-05
80.8080808080808 9.995693487586694e-05
85.85858585858585 9.995783161386255e-05
90.9090909090909 9.99587282772357e-05
95.95959595959596 9.995962486719271e-05
101.01010101010101 9.99605213849216e-05
106.06060606060605 9.996141783159799e-05
111.1111111111111 9.99623142083882e-05
116.16161616161615 9.996321051645354e-05
121.2121212121212 9.996410675694948e-05
126.26262626262626 9.996500293102918e-05
131.3131313131313 9.996589903984239e-05
136.36363636363635 9.996679508453673e-05
141.4141414141414 9.996769106625865e-05
146.46464646464645 9.996858698615219e-05
151.5151515151515 9.996948284535978e-05
156.56565656565655 9.997037864502284e-05
161.6161616161616 9.997127438628078e-05
166.66666666666666 9.997217007027195e-05
171.7171717171717 9.99730656981325e-05
176.76767676767676 9.997396127099795e-05
181.8181818181818 9.997485679000105e-05
186.86868686868686 9.997575225627404e-05
191.91919191919192 9.997664767094653e-05
196.96969696969697 9.9977543035147e-05
202.02020202020202 9.997843835000182e-05
207.07070707070704 9.997933361663586e-05
212.1212121212121 9.998022883617131e-05
217.17171717171715 9.998112400972946e-05
222.2222222222222 9.998201913842936e-05
227.27272727272725 9.998291422338794e-05
232.3232323232323 9.998380926572027e-05
237.37373737373736 9.998470426653913e-05
242.4242424242424 9.998559922695572e-05
247.47474747474746 9.998649414807915e-05
252.5252525252525 9.998738903101632e-05
257.57575757575756 9.998828387687232e-05
262.6262626262626 9.998917868674999e-05
267.67676767676767 9.999007346175073e-05
272.7272727272727 9.999096820297305e-05
277.77777777777777 9.99918629115143e-05
282.8282828282828 9.999275758846969e-05
287.8787878787879 9.999365223493223e-05
292.9292929292929 9.999454685199329e-05
297.979797979798 9.99954414407425e-05
303.030303030303 9.999633600226725e-05
308.0808080808081 9.999723053765319e-05
313.1313131313131 9.999812504798453e-05
318.1818181818182 9.999901953434294e-05
323.2323232323232 9.999991399780951e-05
328.28282828282823 0.00010000080843946212
333.3333333333333 0.00010000170286037763
338.38383838383834 0.00010000259726163141
343.4343434343434 0.00010000349164429638
348.48484848484844 0.00010000438600944403
353.5353535353535 0.00010000528035814343
358.58585858585855 0.00010000617469146251
363.6363636363636 0.00010000706901046648
368.68686868686865 0.00010000796331621864
373.73737373737373 0.00010000885760978032
378.78787878787875 0.00010000975189220987
383.83838383838383 0.00010001064616456326
388.88888888888886 0.00010001154042789376
393.93939393939394 0.00010001243468325122
398.98989898989896 0.00010001332893168145
404.04040404040404 0.00010001422317422658
409.09090909090907 0.00010001511741192359
414.1414141414141 0.000100016011645803
419.19191919191917 0.00010001690587688846
424.2424242424242 0.00010001780010619362
429.2929292929293 0.00010001869433472003
434.3434343434343 0.00010001958856345322
439.3939393939394 0.00010002048279335625
444.4444444444444 0.00010002137702536301
449.4949494949495 0.00010002227126036568
454.5454545454545 0.00010002316549920259
459.5959595959596 0.00010002405974263707
464.6464646464646 0.00010002495399133464
469.6969696969697 0.00010002584824582505
474.7474747474747 0.00010002674250642251
479.7979797979798 0.00010002763677297027
484.8484848484848 0.00010002853104397037
489.89898989898984 0.00010002942531388393
494.9494949494949 0.0001075189552452601
500.0 0.0001075189552452601
