0.0 1.0
5.05050505050505 0.5746012225818516
10.1010101010101 0.22068209734069139
15.15151515151515 0.20272458248065753
20.2020202020202 0.20115422435526795
25.252525252525253 0.2009921069737844
30.3030303030303 0.2009555144193559
35.35353535353535 0.20093059191754115
40.4040404040404 0.20090722181607837
45.45454545454545 0.20088449350338958
50.505050505050505 0.20086231379130715
55.55555555555555 0.20084066232082595
60.6060606060606 0.20081952547191784
65.65656565656565 0.20079889049170827
70.7070707070707 0.2007787449672107
75.75757575757575 0.20075907677252555
80.8080808080808 0.20073987405829796
85.85858585858585 0.20072112524498117
90.9090909090909 0.20070281901658957
95.95959595959596 0.20068494431455722
101.01010101010101 0.2006674903317623
106.06060606060605 0.2006504465066418
111.1111111111111 0.20063380251742696
116.16161616161615 0.2006175482764238
121.2121212121212 0.20060167392455747
126.26262626262626 0.20058616982584107
131.3131313131313 0.20057102656207837
136.36363636363635 0.20055623492761146
141.4141414141414 0.20054178592421182
146.46464646464645 0.20052767075600875
151.5151515151515 0.20051388082457638
156.56565656565655 0.20050040772408834
161.6161616161616 0.20048724323657033
166.66666666666666 0.20047437932728096
171.7171717171717 0.2004618081400773
176.76767676767676 0.2004495219930294
181.8181818181818 0.20043751337398927
186.86868686868686 0.2004257749362882
191.91919191919192 0.20041429949457712
196.96969696969697 0.20040308002062188
202.02020202020202 0.200392109639332
207.07070707070704 0.20038138162471403
212.1212121212121 0.2003708893960588
217.17171717171715 0.2003606265140529
222.2222222222222 0.20035058667710146
227.27272727272725 0.20034076371760562
232.3232323232323 0.2003311515983983
237.37373737373736 0.20032174440917971
242.4242424242424 0.20031253636311913
247.47474747474746 0.20030352179337332
252.5252525252525 0.20029469514983123
257.57575757575756 0.2002860509958059
262.6262626262626 0.20027758400481696
267.67676767676767 0.20026928895747823
272.7272727272727 0.20026116073840086
277.77777777777777 0.2002531943331187
282.8282828282828 0.20024538482515705
287.8787878787879 0.20023772739309387
292.9292929292929 0.2002302173076736
297.979797979798 0.20022284992901906
303.030303030303 0.20021562070380575
308.0808080808081 0.2002085251625865
313.1313131313131 0.20020155891709407
318.1818181818182 0.20019471765761856
323.2323232323232 0.2001879971503777
328.28282828282823 0.20018139323502243
333.3333333333333 0.20017490182212774
338.38383838383834 0.20016851889065318
343.4343434343434 0.20016224048561426
348.48484848484844 0.20015606271561107
353.5353535353535 0.20014998175052207
358.58585858585855 0.20014399381916848
363.6363636363636 0.20013809520700807
368.68686868686865 0.20013228225391247
373.73737373737373 0.2001265513518762
378.78787878787875 0.20012089894292942
383.83838383838383 0.20011532151683958
388.88888888888886 0.20010981560907687
393.93939393939394 0.2001043777986364
398.98989898989896 0.20009900470595096
404.04040404040404 0.20009369299085636
409.09090909090907 0.20008843935051926
414.1414141414141 0.2000832405173949
419.19191919191917 0.20007809325725678
424.2424242424242 0.200072994367192
429.2929292929293 0.20006794067361966
434.3434343434343 0.20006292903035777
439.3939393939394 0.20005795631666795
444.4444444444444 0.2000530194353301
449.4949494949495 0.2000481153107434
454.5454545454545 0.20004324088700856
459.5959595959596 0.20003839312604768
464.6464646464646 0.2000335690057167
469.6969696969697 0.20002876551785362
474.7474747474747 0.20002397966569763
479.7979797979798 0.2000192084538104
484.8484848484848 0.20001444879361127
489.89898989898984 0.20000969645835606
494.9494949494949 0.20000493432931715
500.0 0.20000493432931715
