0.0   1.0
0.00811075493508268   0.9993015113445778
0.016255568084693865   0.9986030226891556
0.024434577765657457   0.9979045340337334
0.03264792289616543   0.9972060453783111
0.04089574299859367   0.9965075567228889
0.049178178202331946   0.9958090680674667
0.057495369246627674   0.9951105794120445
0.06584745748344402   0.9944120907566223
0.07423458488033213   0.9937136021012001
0.08265689402331769   0.9930151134457779
0.09111452811980159   0.9923166247903557
0.09960763100147531   0.9916181361349334
0.1081363471272507   0.9909196474795112
0.11670082158620414   0.990221158824089
0.12530120010053564   0.9895226701686668
0.13393762902854237   0.9888241815132446
0.14261025536760713   0.9881256928578224
0.15131922675720183   0.9874272042024002
0.16006469148190536   0.9867287155469779
0.16884679847443718   0.9860302268915557
0.17766569731870568   0.9853317382361335
0.1865215382528714   0.9846332495807113
0.1954144721724261   0.9839347609252891
0.20434465063328666   0.9832362722698669
0.2133122258549048   0.9825377836144447
0.22231735072339157   0.9818392949590224
0.23136017879465856   0.9811408063036002
0.2404408642975735   0.980442317648178
0.24955956213713265   0.9797438289927558
0.25871642789764776   0.9790453403373336
0.2679116178459505   0.9783468516819114
0.27714528893461154   0.9776483630264892
0.286417598805176   0.976949874371067
0.29572870579141525   0.9762513857156447
0.3050787689225953   0.9755528970602225
0.3144679479267602   0.9748544084048003
0.32389640323403296   0.9741559197493781
0.33336429597993267   0.9734574310939559
0.3428717880087082   0.9727589424385337
0.3524190418766878   0.9720604537831115
0.36200622085564643   0.9713619651276892
0.3716334889361892   0.970663476472267
0.38130101083115225   0.9699649878168448
0.39100895197902   0.9692664991614226
0.4007574785473599   0.9685680105060004
0.41054675743627367   0.9678695218505782
0.42037695628186683   0.967171033195156
0.4302482434597346   0.9664725445397337
0.4401607880884655   0.9657740558843115
0.450114760033163   0.9650755672288893
0.4601103299089831   0.9643770785734671
0.47014766908469197   0.9636785899180449
0.4802269496862388   0.9629801012626227
0.4903483446003493   0.9622816126072005
0.5005120274781343   0.9615831239517783
0.5107181727387177   0.960884635296356
0.5209669555728832   0.9601861466409338
0.5312585519467384   0.9594876579855116
0.541593138605397   0.9587891693300894
0.55197089307668   0.9580906806746672
0.5623919936748347   0.957392192019245
0.5728566195042738   0.9566937033638228
0.5833649504633299   0.9559952147084005
0.5939171672480339   0.9552967260529783
0.6045134513559067   0.9545982373975561
0.6151539850897741   0.9538997487421339
0.6258389515615983   0.9532012600867117
0.6365685346963296   0.9525027714312895
0.6473429192357774   0.9518042827758673
0.6581622907424989   0.951105794120445
0.6690268356037113   0.9504073054650228
0.6799367410352185   0.9497088168096006
0.6908921950853599   0.9490103281541784
0.7018933866389804   0.9483118394987562
0.7129405054214171   0.947613350843334
0.7240337420025078   0.9469148621879118
0.7351732878006203   0.9462163735324896
0.7463593350866993   0.9455178848770673
0.7575920769883355   0.9448193962216451
0.7688717074938558   0.9441209075662229
0.7801984214564301   0.9434224189108007
0.7915724145982036   0.9427239302553785
0.8029938835144457   0.9420254415999563
0.8144630256777229   0.9413269529445341
0.8259800394420898   0.9406284642891118
0.8375451240473022   0.9399299756336896
0.8491584796230526   0.9392314869782674
0.8608203071932234   0.9385329983228452
0.8725308086801664   0.937834509667423
0.8842901869089976   0.9371360210120008
0.89609864561192   0.9364375323565786
0.9079563894325614   0.9357390437011563
0.9198636239303403   0.9350405550457341
0.931820555584848   0.9343420663903119
0.9438273918002573   0.9336435777348897
0.9558843409097499   0.9329450890794675
0.9679916121799672   0.9322466004240453
0.9801494158154832   0.9315481117686231
0.9923579629633001   0.9308496231132009
1.0046174657173665   0.9301511344577786
1.0169281371231174   0.9294526458023564
1.0292901911820367   0.9287541571469342
1.041703842856244   0.928055668491512
1.0541693080731036   0.9273571798360898
1.066686803729855   0.9266586911806676
1.07925654769827   0.9259602025252454
1.091878758829329   0.9252617138698231
1.1045536569579242   0.9245632252144009
1.1172814629075833   0.9238647365589787
1.13006239849522   0.9231662479035565
1.1428966865359045   0.9224677592481343
1.1557845508476625   0.9217692705927121
1.1687262162562924   0.9210707819372899
1.1817219086002126   0.9203722932818676
1.1947718547353285   0.9196738046264454
1.2078762825399263   0.9189753159710232
1.2210354209195882   0.918276827315601
1.2342494998121378   0.9175783386601788
1.2475187501926048   0.9168798500047566
1.260843404078216   0.9161813613493344
1.2742236945334127   0.9154828726939122
1.2876598556748917   0.9147843840384899
1.3011521226766714   0.9140858953830677
1.3147007317751853   0.9133874067276455
1.3283059202743976   0.9126889180722233
1.3419679265509465   0.9119904294168011
1.355686990059313   0.9112919407613789
1.3694633513370145   0.9105934521059567
1.3832972520098274   0.9098949634505344
1.3971889347970308   0.9091964747951122
1.4111386435166786   0.90849798613969
1.4251466230909   0.9077994974842678
1.4392131195512257   0.9071010088288456
1.4533383800439361   0.9064025201734234
1.4675226528354424   0.9057040315180012
1.4817661873176926   0.905005542862579
1.4960692340135988   0.9043070542071567
1.5104320445825035   0.9036085655517345
1.5248548718256614   0.9029100768963123
1.5393379696917535   0.9022115882408901
1.55388159328243   0.9015130995854679
1.568485998857879   0.9008146109300457
1.5831514438424208   0.9001161222746235
1.597878186830137   0.8994176336192012
1.6126664875905192   0.898719144963779
1.6275166070741498   0.8980206563083568
1.6424288074184128   0.8973221676529346
1.6574033519532303   0.8966236789975124
1.6724405052068287   0.8959251903420902
1.6875405329115338   0.895226701686668
1.7027037020095916   0.8945282130312457
1.7179302806590235   0.8938297243758235
1.733220538239508   0.8931312357204013
1.748574745358289   0.8924327470649791
1.7639931738561183   0.8917342584095569
1.7794760968132233   0.8910357697541347
1.7950237885553089   0.8903372810987125
1.810636524659583   0.8896387924432902
1.8263145819608182   0.888940303787868
1.8420582385574424   0.8882418151324458
1.8578677738176537   0.8875433264770236
1.873743468385573   0.8868448378216014
1.8896856041874237   0.8861463491661792
1.9056944644377445   0.885447860510757
1.9217703336456275   0.8847493718553348
1.9379134976209933   0.8840508831999125
1.9541242434808954   0.8833523945444903
1.9704028596558518   0.8826539058890681
1.9867496358962158   0.8819554172336459
2.0031648632785717   0.8812569285782237
2.0196488342121643   0.8805584399228015
2.0362018424453607   0.8798599512673793
2.052824183072142   0.879161462611957
2.069516152538635   0.8784629739565348
2.0862780486496635   0.8777644853011126
2.1031101705753397   0.8770659966456904
2.1200128188576883   0.8763675079902682
2.1369862954173064   0.875669019334846
2.154030903560042   0.8749705306794238
2.171146947983726   0.8742720420240015
2.1883347347849194   0.8735735533685793
2.205594571465706   0.8728750647131571
2.2229267669405104   0.8721765760577349
2.2403316315429587   0.8714780874023127
2.257809477032761   0.8707795987468905
2.2753606166026366   0.8700811100914683
2.292985364885278   0.869382621436046
2.3106840379603297   0.8686841327806238
2.3284569533614228   0.8679856441252016
2.3463044300832356   0.8672871554697794
2.3642267885885855   0.8665886668143572
2.3822243508155596   0.865890178158935
2.4002974401846804   0.8651916895035128
2.418446381606109   0.8644932008480906
2.4366715014868747   0.8637947121926683
2.4549731277381532   0.8630962235372461
2.473351589782568   0.8623977348818239
2.491807218561537   0.8616992462264017
2.510340346542651   0.8610007575709795
2.528951307727085   0.8603022689155573
2.547640437657058   0.8596037802601351
2.5664080734233092   0.8589052916047129
2.5852545536726343   0.8582068029492906
2.6041802186154417   0.8575083142938684
2.6231854100333494   0.8568098256384462
2.6422704712868232   0.856111336983024
2.66143574732285   0.8554128483276018
2.6806815846826466   0.8547143596721796
2.70000833150941   0.8540158710167574
2.7194163375561016   0.8533173823613351
2.7389059541932745   0.8526188937059129
2.7584775344169294   0.8519204050504907
2.77813143285642   0.8512219163950685
2.797868005782396   0.8505234277396463
2.817687611114769   0.8498249390842241
2.8375906084307396   0.8491264504288019
2.8575773589728506   0.8484279617733796
2.87764822565708   0.8477294731179574
2.8978035730809735   0.8470309844625352
2.9180437675318225   0.846332495807113
2.938369176994878   0.8456340071516908
2.958780171161594   0.8449355184962686
2.9792771214379354   0.8442370298408464
2.9998604009527   0.8435385411854242
3.020530384565898   0.8428400525300019
3.041287448877163   0.8421415638745797
3.062131972234208   0.8414430752191575
3.0830643347413274   0.8407445865637353
3.1040849182679233   0.8400460979083131
3.125194106457089   0.8393476092528909
3.146392284734234   0.8386491205974687
3.167679840315733   0.8379506319420464
3.1890571622176442   0.8372521432866242
3.2105246412644397   0.836553654631202
3.232082670097801   0.8358551659757798
3.2537316431854477   0.8351566773203576
3.275471956830007   0.8344581886649354
3.2973040091779278   0.8337597000095132
3.31922820022844   0.833061211354091
3.341244931842557   0.8323627226986687
3.363354607752114   0.8316642340432465
3.385557633568854   0.8309657453878243
3.4078544167935667   0.8302672567324021
3.4302453668252526   0.8295687680769799
3.452730894970348   0.8288702794215577
3.47531141445198   0.8281717907661355
3.4979873404192805   0.8274733021107132
3.5207590899567296   0.826774813455291
3.54362708209356   0.8260763247998688
3.5665917378131824   0.8253778361444466
3.589653480062682   0.8246793474890244
3.6128127337623472   0.8239808588336022
3.636069925815239   0.82328237017818
3.6594254851168198   0.8225838815227577
3.682879842564612   0.8218853928673355
3.706433431067913   0.8211869042119133
3.7300866855575525   0.8204884155564911
3.753840042995704   0.8197899269010689
3.7776939423857225   0.8190914382456467
3.8016488247820543   0.8183929495902245
3.8257051333001697   0.8176944609348022
3.8498633131265643   0.81699597227938
3.874123811528789   0.8162974836239578
3.8984870778655414   0.8155989949685356
3.9229535635967907   0.8149005063131134
3.9475237222939694   0.8142020176576912
3.9721980096501843   0.813503529002269
3.9969768834905106   0.8128050403468468
4.021860803782307   0.8121065516914245
4.046850232645586   0.8114080630360023
4.0719456343634395   0.8107095743805801
4.097147475392507   0.8100110857251579
4.122456224373494   0.8093125970697357
4.147872352141735   0.8086141084143135
4.173396331737822   0.8079156197588913
4.199028638418257   0.807217131103469
4.2247697496661765   0.8065186424480468
4.250620145202111   0.8058201537926246
4.27658030699481   0.8051216651372024
4.302650719272092   0.8044231764817802
4.3288318685317755   0.803724687826358
4.355124243552634   0.8030261991709358
4.381528335405419   0.8023277105155135
4.408044637463925   0.8016292218600913
4.434673645416111   0.8009307332046691
4.461415857275264   0.8002322445492469
4.488271773391226   0.7995337558938247
4.51524189646166   0.7988352672384025
4.542326731543383   0.7981367785829803
4.5695267860637365   0.797438289927558
4.596842569832005   0.7967398012721358
4.6242745950509185   0.7960413126167136
4.6518233763281644   0.7953428239612914
4.679489430687982   0.7946443353058692
4.707273277582796   0.793945846650447
4.735175438904914   0.7932473579950248
4.763196438998254   0.7925488693396026
4.791336804670165   0.7918503806841803
4.819597065203253   0.7911518920287581
4.847977752367305   0.7904534033733359
4.87647940043122   0.7897549147179137
4.905102546175055   0.7890564260624915
4.933847728902057   0.7883579374070693
4.962715490450805   0.7876594487516471
4.991706375207365   0.7869609600962248
5.020820930117541   0.7862624714408026
5.050059704699133   0.7855639827853804
5.079423251054288   0.7848654941299582
5.108912123881892   0.784167005474536
5.138526880490017   0.7834685168191138
5.168268080808414   0.7827700281636916
5.198136287401094   0.7820715395082694
5.228132065478912   0.7813730508528471
5.258255982912261   0.7806745621974249
5.288508610243787   0.7799760735420027
5.318890520701173   0.7792775848865805
5.349402290209966   0.7785790962311583
5.380044497406495   0.7778806075757361
5.410817723650799   0.7771821189203139
5.441722553039645   0.7764836302648916
5.4727595724195846   0.7757851416094694
5.503929371400088   0.7750866529540472
5.535232542366707   0.774388164298625
5.56666968049432   0.7736896756432028
5.5982413837604215   0.7729911869877806
5.629948252958467   0.7722926983323584
5.661790891711296   0.7715942096769361
5.693769906484574   0.7708957210215139
5.725885906600342   0.7701972323660917
5.758139504250581   0.7694987437106695
5.790531314510842   0.7688002550552473
5.823061955353978   0.7681017663998251
5.85573204766386   0.7674032777444029
5.8885422152492275   0.7667047890889807
5.9214930848575325   0.7660063004335584
5.954585286188891   0.7653078117781362
5.987819451910062   0.764609323122714
6.021196217668503   0.7639108344672918
6.0547162221064905   0.7632123458118696
6.088380106875259   0.7625138571564474
6.122188516649254   0.7618153685010252
6.156142099140414   0.761116879845603
6.190241505112507   0.7604183911901807
6.224487388395559   0.7597199025347585
6.258880405900283   0.7590214138793363
6.293421217632649   0.7583229252239141
6.328110486708436   0.7576244365684919
6.362948879367892   0.7569259479130697
6.397937064990439   0.7562274592576474
6.433075716109442   0.7555289706022252
6.468365508427025   0.754830481946803
6.503807120828972   0.7541319932913808
6.539401235399665   0.7534335046359586
6.5751485374370935   0.7527350159805364
6.611049715467927   0.7520365273251142
6.64710546126264   0.751338038669692
6.683316469850708   0.7506395500142697
6.719683439535849   0.7499410613588475
6.75620707191134   0.7492425727034253
6.792888071875403   0.7485440840480031
6.829727147646616   0.7478455953925809
6.866725010779413   0.7471471067371587
6.9038823761796655   0.7464486180817365
6.941199962120264   0.7457501294263142
6.978678490256819   0.745051640770892
7.01631868564339   0.7443531521154698
7.054121276748298   0.7436546634600476
7.09208699546998   0.7429561748046254
7.130216577152903   0.7422576861492032
7.168510760603575   0.741559197493781
7.2069702881065645   0.7408607088383588
7.245595905440622   0.7401622201829365
7.284388361894859   0.7394637315275143
7.32334841028495   0.7387652428720921
7.362476806969451   0.7380667542166699
7.401774311866152   0.7373682655612477
7.441241688468464   0.7366697769058255
7.480879703861935   0.7359712882504033
7.5206891287407585   0.735272799594981
7.560670737424391   0.7345743109395588
7.600825307874189   0.7338758222841366
7.6411536217101705   0.7331773336287144
7.68165646422776   0.7324788449732922
7.722334624414646   0.73178035631787
7.763188894967703   0.7310818676624478
7.804220072309927   0.7303833790070255
7.845428956607503   0.7296848903516033
7.886816351786846   0.7289864016961811
7.92838306555181   0.7282879130407589
7.970129909400854   0.7275894243853367
8.012057698644316   0.7268909357299145
8.054167252421774   0.7261924470744923
8.09645939371943   0.72549395841907
8.138934949387547   0.7247954697636478
8.181594750157979   0.7240969811082256
8.22443963066174   0.7233984924528034
8.267470429446657   0.7227000037973812
8.310687988995042   0.722001515141959
8.35409315574147   0.7213030264865368
8.397686780090568   0.7206045378311146
8.441469716434923   0.7199060491756923
8.485442823172994   0.7192075605202701
8.529606962727124   0.7185090718648479
8.573963001561573   0.7178105832094257
8.618511810200657   0.7171120945540035
8.66325426324691   0.7164136058985813
8.708191239399307   0.7157151172431591
8.753323621471568   0.7150166285877368
8.798652296410504   0.7143181399323146
8.844178155314427   0.7136196512768924
8.889902093451608   0.7129211626214702
8.935825010278798   0.712222673966048
8.98194780945982   0.7115241853106258
9.028271398884213   0.7108256966552036
9.074796690685915   0.7101272079997814
9.121524601262012   0.7094287193443591
9.168456051291562   0.7087302306889369
9.215591965754456   0.7080317420335147
9.26293327395034   0.7073332533780925
9.310480909517597   0.7066347647226703
9.358235810452367   0.7059362760672481
9.406198919127654   0.7052377874118259
9.454371182312473   0.7045392987564036
9.502753551191018   0.7038408101009814
9.551346981381958   0.7031423214455592
9.600152432957707   0.702443832790137
9.64917087046382   0.7017453441347148
9.69840326293838   0.7010468554792926
9.747850583931482   0.7003483668238704
9.797513811524741   0.6996498781684481
9.847393928350881   0.6989513895130259
9.897491921613334   0.6982529008576037
9.947808783105952   0.6975544122021815
9.998345509232708   0.6968559235467593
10.04910310102747   0.6961574348913371
10.10008256417385   0.6954589462359149
10.15128490902506   0.6947604575804927
10.202711150623863   0.6940619689250704
10.254362308722522   0.6933634802696482
10.306239407802842   0.692664991614226
10.358343477096232   0.6919665029588038
10.41067555060383   0.6912680143033816
10.463236667116664   0.6905695256479594
10.51602787023587   0.6898710369925372
10.569050208392948   0.6891725483371149
10.62230473487004   0.6884740596816927
10.675792507820324   0.6877755710262705
10.729514590288371   0.6870770823708483
10.783472050230584   0.6863785937154261
10.837665960535682   0.6856801050600039
10.892097399045218   0.6849816164045817
10.946767448574127   0.6842831277491594
11.001677196931354   0.6835846390937372
11.056827736940463   0.682886150438315
11.112220166460345   0.6821876617828928
11.167855588405917   0.6814891731274706
11.223735110768894   0.6807906844720484
11.27985984663858   0.6800921958166262
11.336230914222691   0.679393707161204
11.392849436868227   0.6786952185057817
11.449716543082387   0.6779967298503595
11.506833366553474   0.6772982411949373
11.564201046171894   0.6765997525395151
11.621820726051155   0.6759012638840929
11.679693555548871   0.6752027752286707
11.737820689287862   0.6745042865732485
11.79620328717723   0.6738057979178262
11.854842514433486   0.673107309262404
11.913739541601698   0.6724088206069818
11.972895544576662   0.6717103319515596
12.032311704624133   0.6710118432961374
12.09198920840203   0.6703133546407152
12.151929247981695   0.669614865985293
12.212133020869164   0.6689163773298707
12.272601730026489   0.6682178886744485
12.333336583893027   0.6675194000190263
12.394338796406798   0.6668209113636041
12.455609587025856   0.6661224227081819
12.517150180749631   0.6654239340527597
12.578961808140342   0.6647254453973375
12.641045705344418   0.6640269567419153
12.703403114113891   0.663328468086493
12.766035281827877   0.6626299794310708
12.828943461513964   0.6619314907756486
12.892128911869717   0.6612330021202264
12.955592897284127   0.6605345134648042
13.01933668785909   0.659836024809382
13.083361559430895   0.6591375361539598
13.147668793591698   0.6584390474985375
13.212259677711025   0.6577405588431153
13.277135504957268   0.6570420701876931
13.342297574319163   0.6563435815322709
13.407747190627308   0.6556450928768487
13.473485664575646   0.6549466042214265
13.539514312742941   0.6542481155660043
13.605834457614302   0.653549626910582
13.67244742760261   0.6528511382551598
13.73935455707003   0.6521526495997376
13.806557186349457   0.6514541609443154
13.874056661765964   0.6507556722888932
13.941854335658245   0.650057183633471
14.009951566400037   0.6493586949780488
14.078349718421528   0.6486602063226266
14.147050162230734   0.6479617176672043
14.216054274434885   0.6472632290117821
14.285363437761774   0.6465647403563599
14.35497904108105   0.6458662517009377
14.424902479425556   0.6451677630455155
14.49513515401258   0.6444692743900933
14.5656784722651   0.6437707857346711
14.636533847832993   0.6430722970792488
14.707702700614222   0.6423738084238266
14.779186456775973   0.6416753197684044
14.850986548775769   0.6409768311129822
14.923104415382516   0.64027834245756
14.995541501697554   0.6395798538021378
15.068299259175616   0.6388813651467156
15.1413791456458   0.6381828764912933
15.214782625332402   0.6374843878358711
15.288511168875823   0.6367858991804489
15.36256625335327   0.6360874105250267
15.436949362299565   0.6353889218696045
15.511661985727793   0.6346904332141823
15.58670562014987   0.6339919445587601
15.662081768597176   0.6332934559033379
15.737791940640967   0.6325949672479156
15.81383765241284   0.6318964785924934
15.890220426625056   0.6311979899370712
15.96694179259085   0.630499501281649
16.044003286244582   0.6298010126262268
16.12140645016192   0.6291025239708046
16.199152833579824   0.6284040353153824
16.27724399241656   0.6277055466599601
16.355681489291538   0.6270070580045379
16.434466893545103   0.6263085693491157
16.51360178125825   0.6256100806936935
16.593087735272192   0.6249115920382713
16.67292634520787   0.6242131033828491
16.753119207485373   0.6235146147274269
16.833667925343185   0.6228161260720046
16.914574108857447   0.6221176374165824
16.99583937496094   0.6214191487611602
17.077465347462127   0.620720660105738
17.159453657063967   0.6200221714503158
17.241805941382655   0.6193236827948936
17.324523844966166   0.6186251941394714
17.40760901931284   0.6179267054840492
17.491063122889617   0.6172282168286269
17.574887821150327   0.6165297281732047
17.659084786553713   0.6158312395177825
17.743655698581364   0.6151327508623603
17.82860224375556   0.6144342622069381
17.913926115656803   0.6137357735515159
17.99962901494143   0.6130372848960937
18.08571264935881   0.6123387962406714
18.1721787337686   0.6116403075852492
18.25902899015773   0.610941818929827
18.34626514765721   0.6102433302744048
18.433888942558802   0.6095448416189826
18.521902118331525   0.6088463529635604
18.610306425637948   0.6081478643081382
18.699103622350265   0.607449375652716
18.78829547356629   0.6067508869972937
18.877883751625145   0.6060523983418715
18.967870236122828   0.6053539096864493
19.058256713927495   0.6046554210310271
19.149044979194628   0.6039569323756049
19.240236833381942   0.6032584437201827
19.331834085264067   0.6025599550647605
19.42383855094701   0.6018614664093382
19.516252053882422   0.601162977753916
19.609076424881614   0.6004644890984938
19.7023135021293   0.5997660004430716
19.79596513119717   0.5990675117876494
19.890033165057176   0.5983690231322272
19.984519464094532   0.597670534476805
20.079425896120526   0.5969720458213827
20.174754336385035   0.5962735571659605
20.27050666758876   0.5955750685105383
20.366684779895184   0.5948765798551161
20.463290570942316   0.5941780911996939
20.560325945854043   0.5934796025442717
20.657792817251305   0.5927811138888495
20.755693105262853   0.5920826252334273
20.854028737535828   0.591384136578005
20.952801649245913   0.5906856479225828
21.052013783107316   0.5899871592671606
21.151667089382254   0.5892886706117384
21.251763525890247   0.5885901819563162
21.352305058017016   0.587891693300894
21.45329365872311   0.5871932046454718
21.554731308552036   0.5864947159900495
21.65661999563825   0.5857962273346273
21.7589617157146   0.5850977386792051
21.861758472119483   0.5843992500237829
21.965012275803662   0.5837007613683607
22.068725145336636   0.5830022727129385
22.17289910691267   0.5823037840575163
22.277536194356365   0.581605295402094
22.382638449127963   0.5809068067466718
22.48820792032809   0.5802083180912496
22.59424666470215   0.5795098294358274
22.70075674664432   0.5788113407804052
22.8077402382011   0.578112852124983
22.915199219074356   0.5774143634695608
23.02313577662405   0.5767158748141386
23.131552005870365   0.5760173861587163
23.24045000949553   0.5753188975032941
23.349831897844975   0.5746204088478719
23.459699788928233   0.5739219201924497
23.57005580841917   0.5732234315370275
23.68090208965581   0.5725249428816053
23.79224077363965   0.5718264542261831
23.904074009034453   0.5711279655707608
24.016403952164474   0.5704294769153386
24.129232767012265   0.5697309882599164
24.24256262521584   0.5690324996044942
24.35639570606531   0.568334010949072
24.470734196499038   0.5676355222936498
24.58558029109911   0.5669370336382276
24.700936192086306   0.5662385449828053
24.816804109314486   0.5655400563273831
24.93318626026435   0.5648415676719609
25.050084870036603   0.5641430790165387
25.167502171344527   0.5634445903611165
25.285440404505866   0.5627461017056943
25.4039018174342   0.5620476130502721
25.522888665629505   0.5613491243948499
25.642403212168194   0.5606506357394276
25.762447727692454   0.5599521470840054
25.88302449039887   0.5592536584285832
26.004135786026414   0.558555169773161
26.125783907843665   0.5578566811177388
26.247971156635437   0.5571581924623166
26.370699840688555   0.5564597038068944
26.49397227577696   0.5557612151514721
26.617790785146116   0.5550627264960499
26.742157699496566   0.5543642378406277
26.867075356966797   0.5536657491852055
26.992546103115302   0.5529672605297833
27.118572290901817   0.5522687718743611
27.245156280667825   0.5515702832189389
27.3723004401162   0.5508717945635166
27.500007144290024   0.5501733059080944
27.628278775550555   0.5494748172526722
27.75711772355438   0.54877632859725
27.886526385229683   0.5480778399418278
28.01650716475163   0.5473793512864056
28.147062473516865   0.5466808626309834
28.278194730117058   0.5459823739755612
28.40990636031165   0.5452838853201389
28.542199796999537   0.5445853966647167
28.67507748018988   0.5438869080092945
28.808541856971953   0.5431884193538723
28.942595381483947   0.5424899306984501
29.077240514880913   0.5417914420430279
29.212479725301577   0.5410929533876057
29.348315487834206   0.5403944647321834
29.48475028448142   0.5396959760767612
29.621786604123937   0.538997487421339
29.759426942483362   0.5382989987659168
29.89767380208368   0.5376005101104946
30.036529692211925   0.5369020214550724
30.17599712887751   0.5362035327996502
30.316078634770573   0.535505044144228
30.45677673921913   0.5348065554888057
30.59809397814506   0.5341080668333835
30.74003289401892   0.5334095781779613
30.882596035813673   0.5327110895225391
31.02578595895702   0.5320126008671169
31.169605225282616   0.5313141122116947
31.314056402980082   0.5306156235562725
31.459142066543727   0.5299171349008502
31.604864796719898   0.529218646245428
31.751227180453206   0.5285201575900058
31.89823181083128   0.5278216689345836
32.04588128702836   0.5271231802791614
32.19417821424735   0.5264246916237392
32.34312520366069   0.525726202968317
32.492724872349676   0.5250277143128947
32.64297984324255   0.5243292256574725
32.793892745050975   0.5236307370020503
32.94546621220529   0.5229322483466281
33.097702884788035   0.5222337596912059
33.25060540846631   0.5215352710357837
33.40417643442232   0.5208367823803615
33.558418619282655   0.5201382937249392
33.71333462504588   0.519439805069517
33.86892711900857   0.5187413164140948
34.025198773689866   0.5180428277586726
34.1821522667543   0.5173443391032504
34.339790280933144   0.5166458504478282
34.4981155039439   0.515947361792406
34.65713062840836   0.5152488731369838
34.81683835176883   0.5145503844815615
34.97724137620261   0.5138518958261393
35.13834240853503   0.5131534071707171
35.300144160150175   0.5124549185152949
35.462649346900506   0.5117564298598727
35.62586068901412   0.5110579412044505
35.789780911000506   0.5103594525490283
35.95441274155438   0.509660963893606
36.11975891345753   0.5089624752381838
36.28582216347898   0.5082639865827616
36.45260523227305   0.5075654979273394
36.62011086427555   0.5068670092719172
36.78834180759802   0.506168520616495
36.95730081391998   0.5054700319610728
37.12699063837913   0.5047715433056505
37.29741403945943   0.5040730546502283
37.46857377887737   0.5033745659948061
37.6404726214659   0.5026760773393839
37.81311333505625   0.5019775886839617
37.986498690357806   0.5012791000285395
38.160631460835674   0.5005806113731173
38.33551442258592   0.49988212271769505
38.51115035420889   0.49918363406227284
38.68754203668005   0.4984851454068506
38.8646922532186   0.4977866567514284
39.042603789153766   0.4970881680960062
39.2212794317889   0.496389679440584
39.40072197026297   0.4956911907851618
39.580934195409846   0.49499270212973956
39.76191889961515   0.49429421347431735
39.943678876670546   0.49359572481889513
40.126216921625655   0.4928972361634729
40.30953583063751   0.4921987475080507
40.493638400817275   0.4915002588526285
40.67852743007458   0.4908017701972063
40.86420571695928   0.49010328154178406
41.050676060500365   0.48940479288636185
41.237941260042476   0.48870630423093964
41.426004115079614   0.4880078155755174
41.614867425086054   0.4873093269200952
41.80453398934467   0.486610838264673
41.99500660677235   0.4859123496092508
42.186288075742716   0.48521386095382857
42.37838119390586   0.48451537229840635
42.57128875800527   0.48381688364298414
42.76501356369193   0.4831183949875619
42.959558405335294   0.4824199063321397
43.15492607583151   0.4817214176767175
43.35111936640836   0.4810229290212953
43.5481410664275   0.4803244403658731
43.745993963183174   0.47962595171045086
43.94468084169836   0.47892746305502865
44.144204484517296   0.47822897439960643
44.344567671495064   0.4775304857441842
44.54577317958399   0.476831997088762
44.74782378261661   0.4761335084333398
44.9507222510855   0.4754350197779176
45.154471351919796   0.47473653112249536
45.35907384825821   0.47403804246707315
45.56453249921889   0.47333955381165094
45.770850059665584   0.4726410651562287
45.97802927997051   0.4719425765008065
46.18607290577373   0.4712440878453843
46.39498367773893   0.4705455991899621
46.60476433130556   0.46984711053453987
46.815417596437534   0.46914862187911766
47.02694619736813   0.46845013322369544
47.23935285234125   0.46775164456827323
47.45264027334899   0.467053155912851
47.66681116586539   0.4663546672574288
47.88186822857641   0.4656561786020066
48.09781415310601   0.4649576899465844
48.31465162373849   0.46425920129116216
48.53238331713675   0.46356071263573995
48.75101190205662   0.46286222398031773
48.97054003905733   0.4621637353248955
49.19097038020771   0.4614652466694733
49.412305568788554   0.4607667580140511
49.63454823899064   0.4600682693586289
49.857701015608754   0.45936978070320666
50.08176651373147   0.45867129204778445
50.3067473384266   0.45797280339236224
50.532646084422474   0.45727431473694
50.75946533578487   0.4565758260815178
50.98720766558956   0.4558773374260956
51.21587563559039   0.4551788487706734
51.44547179588304   0.45448036011525117
51.675998684564185   0.45378187145982896
51.90745882738622   0.45308338280440674
52.13985473740722   0.45238489414898453
52.37318891463661   0.4516864054935623
52.60746384567575   0.4509879168381401
52.84268200335433   0.4502894281827179
53.07884584636136   0.4495909395272957
53.31595781887212   0.44889245087187346
53.55402035016972   0.44819396221645125
53.79303585426191   0.44749547356102903
54.0330067294932   0.4467969849056068
54.27393535815167   0.4460984962501846
54.515824106071115   0.4454000075947624
54.7586753222279   0.4447015189393402
55.00249133833276   0.44400303028391797
55.2472744684176   0.44330454162849575
55.493027008416966   0.44260605297307354
55.73975123574434   0.4419075643176513
55.987449408863206   0.4412090756622291
56.23612376685271   0.4405105870068069
56.48577652896813   0.4398120983513847
56.7364098941957   0.43911360969596247
56.98802604080227   0.43841512104054026
57.24062712587927   0.43771663238511804
57.49421528488111   0.43701814372969583
57.74879263115834   0.4363196550742736
58.00436125548472   0.4356211664188514
58.26092322557898   0.4349226777634292
58.51848058562068   0.434224189108007
58.77703535576045   0.43352570045258476
59.03658953162434   0.43282721179716255
59.29714508381231   0.43212872314174033
59.55870395739096   0.4314302344863181
59.82126807138013   0.4307317458308959
60.08483931823384   0.4300332571754737
60.34941956331484   0.4293347685200515
60.61501064436337   0.42863627986462927
60.88161437095976   0.42793779120920705
61.1492325239808   0.42723930255378484
61.41786685504998   0.4265408138983626
61.68751908598156   0.4258423252429404
61.958190908218306   0.4251438365875182
62.22988398226276   0.424445347932096
62.502599937102595   0.42374685927667377
62.77634036962892   0.42304837062125156
63.05110684404884   0.42234988196582934
63.32690089129093   0.42165139331040713
63.603724008404704   0.4209529046549849
63.88157765795303   0.4202544159995627
64.16046326739831   0.4195559273441405
64.44038222848185   0.4188574386887183
64.72133589659664   0.41815895003329606
65.00332559015324   0.41746046137787385
65.28635258993911   0.41676197272245163
65.57041813847098   0.4160634840670294
65.85552343934056   0.4153649954116072
66.14166965655298   0.414666506756185
66.42885791385896   0.4139680181007628
66.71708929407946   0.41326952944534057
67.00636483842345   0.41257104078991835
67.296685545799   0.41187255213449614
67.58805237211683   0.4111740634790739
67.8804662295872   0.4104755748236517
68.17392798600935   0.4097770861682295
68.46843846405385   0.4090785975128073
68.763998440538   0.40838010885738507
69.06060864569372   0.40768162020196286
69.3582697624282   0.40698313154654064
69.65698242557748   0.40628464289111843
69.95674722115251   0.4055861542356962
70.25756468557798   0.404887665580274
70.55943530492362   0.4041891769248518
70.8623595141284   0.4034906882694296
71.1663376962169   0.40279219961400736
71.47137018150856   0.40209371095858515
71.77745724681934   0.40139522230316294
72.0845991146558   0.4006967336477407
72.39279595240171   0.3999982449923185
72.70204787149723   0.3992997563368963
73.01235492661027   0.3986012676814741
73.32371711480049   0.39790277902605187
73.63613437467556   0.39720429037062965
73.94960658553995   0.39650580171520744
74.26413356653578   0.3958073130597852
74.5797150757762   0.395108824404363
74.89635080947143   0.3944103357489408
75.2140404010463   0.3937118470935186
75.53278342025094   0.39301335843809637
75.85257937226318   0.39231486978267416
76.17342769678352   0.39161638112725194
76.49532776712232   0.39091789247182973
76.81827888927918   0.3902194038164075
77.14228030101465   0.3895209151609853
77.46733117091429   0.3888224265055631
77.79343059744464   0.3881239378501409
78.12057760800208   0.38742544919471866
78.44877115795312   0.38672696053929645
78.77801012966773   0.38602847188387424
79.10829333154449   0.385329983228452
79.43961949702795   0.3846314945730298
79.77198728361876   0.3839330059176076
80.10539527187551   0.3832345172621854
80.43984196440927   0.38253602860676317
80.77532578487018   0.38183753995134095
81.11184507692654   0.38113905129591874
81.44939810323629   0.3804405626404965
81.78798304441061   0.3797420739850743
82.1275979979701   0.3790435853296521
82.46824097729343   0.3783450966742299
82.80990991055819   0.3776466080188077
83.1526026396744   0.37694811936338546
83.49631691921037   0.37624963070796325
83.84105041531134   0.37555114205254103
84.1868007046103   0.3748526533971188
84.53356527313176   0.3741541647416966
84.88134151518786   0.3734556760862744
85.23012673226748   0.3727571874308522
85.57991813191771   0.37205869877542996
85.93071282661845   0.37136021012000775
86.28250783264947   0.37066172146458554
86.6353000689507   0.3699632328091633
86.98908635597512   0.3692647441537411
87.34386341453491   0.3685662554983189
87.69962786464032   0.3678677668428967
88.05637622433208   0.36716927818747447
88.41410490850653   0.36647078953205225
88.77281022773434   0.36577230087663004
89.13248838707231   0.3650738122212078
89.49313548486877   0.3643753235657856
89.85474751156222   0.3636768349103634
90.21732034847365   0.3629783462549412
90.58084976659258   0.362279857599519
90.94533142535654   0.36158136894409676
91.31076087142473   0.36088288028867455
91.67713353744536   0.36018439163325233
92.04444474081684   0.3594859029778301
92.41268968244357   0.3587874143224079
92.7818634454855   0.3580889256669857
93.1519609941022   0.3573904370115635
93.52297717219126   0.35669194835614126
93.89490670212155   0.35599345970071905
94.26774418346061   0.35529497104529684
94.64148409169746   0.3545964823898746
95.01612077695984   0.3538979937344524
95.3916484627267   0.3531995050790302
95.76806124453613   0.352501016423608
96.14535308868805   0.35180252776818577
96.52351783094295   0.35110403911276356
96.9025491752161   0.35040555045734134
97.28244069226712   0.34970706180191913
97.66318581838632   0.3490085731464969
98.04477785407636   0.3483100844910747
98.42720996273053   0.3476115958356525
98.81047516930767   0.3469131071802303
99.19456635900313   0.34621461852480806
99.57947627591729   0.34551612986938585
99.96519752172011   0.34481764121396363
100.3517225543141   0.3441191525585414
100.73904368649337   0.3434206639031192
101.12715308460105   0.342722175247697
101.5160427671844   0.3420236865922748
101.90570460364756   0.34132519793685256
102.29613031290289   0.34062670928143035
102.68731146202036   0.33992822062600814
103.07923946487598   0.3392297319705859
103.47190558079895   0.3385312433151637
103.86530091321741   0.3378327546597415
104.25941640830473   0.3371342660043193
104.65424285362397   0.33643577734889707
105.04977087677347   0.33573728869347486
105.4459909440315   0.33503880003805264
105.84289335900202   0.33434031138263043
106.24046826126093   0.3336418227272082
106.63870562500267   0.332943334071786
107.03759525768902   0.3322448454163638
107.4371267986983   0.3315463567609416
107.83728971797724   0.33084786810551936
108.23807331469449   0.33014937945009715
108.6394667158963   0.32945089079467493
109.0414588751656   0.3287524021392527
109.44403857128319   0.3280539134838305
109.84719440689291   0.3273554248284083
110.25091480717036   0.3266569361729861
110.65518801849524   0.32595844751756387
111.06000210712844   0.32525995886214165
111.46534495789354   0.32456147020671944
111.8712042728635   0.3238629815512972
112.27756757005275   0.323164492895875
112.68442218211467   0.3224660042404528
113.09175525504587   0.3217675155850306
113.49955374689618   0.32106902692960837
113.90780442648625   0.32037053827418616
114.31649387213196   0.31967204961876394
114.72560847037666   0.31897356096334173
115.13513441473162   0.3182750723079195
115.54505770442479   0.3175765836524973
115.95536414315849   0.3168780949970751
116.3660393378765   0.3161796063416529
116.77706869754108   0.31548111768623066
117.18843743191984   0.31478262903080845
117.60013055038368   0.31408414037538623
118.01213286071538   0.313385651719964
118.42442896793014   0.3126871630645418
118.83700327310805   0.3119886744091196
119.24983997223897   0.3112901857536974
119.66292305508041   0.31059169709827517
120.07623630402912   0.30989320844285295
120.48976329300604   0.30919471978743074
120.90348738635664   0.3084962311320085
121.31739173776522   0.3077977424765863
121.73145928918547   0.3070992538211641
122.14567276978657   0.3064007651657419
122.56001469491596   0.30570227651031967
122.97446736507933   0.30500378785489746
123.38901286493775   0.30430529919947524
123.80363306232364   0.30360681054405303
124.21830960727455   0.3029083218886308
124.63302393108701   0.3022098332332086
125.04775724540316   0.30151134457776363
