0.0 1.0
5.05050505050505 0.2337741225759335
10.1010101010101 0.20352381332153574
15.15151515151515 0.2010142815582199
20.2020202020202 0.2008183171888531
25.252525252525253 0.20074878295880322
30.3030303030303 0.20068671247149117
35.35353535353535 0.20062789029393294
40.4040404040404 0.20057223919965653
45.45454545454545 0.20051933259558688
50.505050505050505 0.20046900227838704
55.55555555555555 0.20042171853723395
60.6060606060606 0.20037744291514611
65.65656565656565 0.20033640119063542
70.7070707070707 0.2002985383621299
75.75757575757575 0.20026357355763114
80.8080808080808 0.20023163983241268
85.85858585858585 0.20020257867091446
90.9090909090909 0.20017637586317152
95.95959595959596 0.2001528337748587
101.01010101010101 0.20013173168275555
106.06060606060605 0.20011296838911677
111.1111111111111 0.20009649600654425
116.16161616161615 0.20008205138413432
121.2121212121212 0.20006951244119187
126.26262626262626 0.20005861996074917
131.3131313131313 0.20004923667785363
136.36363636363635 0.20004120410451945
141.4141414141414 0.20003432200524418
146.46464646464645 0.2000285113060766
151.5151515151515 0.2000236220027293
156.56565656565655 0.20001953034166525
161.6161616161616 0.20001610672359202
166.66666666666666 0.2000132725984704
171.7171717171717 0.20001093621735455
176.76767676767676 0.200009019673606
181.8181818181818 0.20000745465644876
186.86868686868686 0.20000619005228956
191.91919191919192 0.20000516647523994
196.96969696969697 0.20000434132297926
202.02020202020202 0.20000368157066656
207.07070707070704 0.20000315779650507
212.1212121212121 0.2000027416724792
217.17171717171715 0.2000024140620126
222.2222222222222 0.20000215643516392
227.27272727272725 0.20000195648459607
232.3232323232323 0.2000018007816164
237.37373737373736 0.20000168036457175
242.4242424242424 0.20000158754022748
247.47474747474746 0.20000151634333962
252.5252525252525 0.20000146204031696
257.57575757575756 0.20000142072479787
262.6262626262626 0.20000138944633034
267.67676767676767 0.20000136586109743
272.7272727272727 0.20000134811242837
277.77777777777777 0.20000133490433028
282.8282828282828 0.20000132504191603
287.8787878787879 0.200001317716339
292.9292929292929 0.2000013123393471
297.979797979798 0.20000130838702823
303.030303030303 0.20000130545495914
308.0808080808081 0.20000130335931102
313.1313131313131 0.20000130174161773
318.1818181818182 0.20000130062945357
323.2323232323232 0.20000129984818124
328.28282828282823 0.20000129930588634
333.3333333333333 0.20000129885550583
338.38383838383834 0.20000129851542256
343.4343434343434 0.20000129825806226
348.48484848484844 0.20000129804665917
353.5353535353535 0.2000012976790016
358.58585858585855 0.20000129711832382
363.6363636363636 0.20000129603373398
368.68686868686865 0.2000012940208088
373.73737373737373 0.20000129032585026
378.78787878787875 0.20000128384588564
383.83838383838383 0.20000127312866756
388.88888888888886 0.20000125624399379
393.93939393939394 0.20000123112379053
398.98989898989896 0.2000011954610065
404.04040404040404 0.20000114729786522
409.09090909090907 0.20000108564169122
414.1414141414141 0.2000010103270386
419.19191919191917 0.2000009227234318
424.2424242424242 0.20000082537689948
429.2929292929293 0.20000072180776285
434.3434343434343 0.20000061618893525
439.3939393939394 0.200000512711713
444.4444444444444 0.20000041529164916
449.4949494949495 0.2000003268516214
454.5454545454545 0.2000002495883837
459.5959595959596 0.2000001843475484
464.6464646464646 0.200000131138307
469.6969696969697 0.20000008929887586
474.7474747474747 0.20000005759760214
479.7979797979798 0.20000003455466414
484.8484848484848 0.2000000182858168
489.89898989898984 0.20000000793625627
494.9494949494949 0.20000000000404428
500.0 0.20000000000404428
